0.000000 0.334324 0.933178 1.000000 
0.000000 0.055555 0.435219 0.500000 
0.000000 0.012235 0.270517 0.333333 
0.000000 0.003013 0.189075 0.250000 
0.000000 0.000786 0.140898 0.200000 
0.000000 0.000213 0.109319 0.166667 
0.000000 0.000059 0.087200 0.142857 
0.000000 0.000016 0.070971 0.125000 
0.000000 0.000005 0.058650 0.111111 
0.000000 0.000001 0.049049 0.100000 
0.000000 0.000000 0.041414 0.090909 
0.000000 0.000000 0.035239 0.083333 
0.000000 0.000000 0.030179 0.076923 
0.000000 0.000000 0.025986 0.071429 
0.000000 0.000000 0.022478 0.066667 
0.000000 0.000000 0.019519 0.062500 
0.000000 0.000000 0.017006 0.058824 
0.000000 0.000000 0.014860 0.055556 
0.000000 0.000000 0.013017 0.052632 
0.000000 0.000000 0.011428 0.050000 
0.000000 0.000000 0.010051 0.047619 
0.000000 -0.000000 0.008855 0.045455 
0.000000 -0.000000 0.007813 0.043478 
0.000000 0.000000 0.006901 0.041667 
0.000000 0.000000 0.006103 0.040000 
0.000000 0.000000 0.005402 0.038462 
0.000000 -0.000000 0.004785 0.037037 
0.000000 -0.000000 0.004242 0.035714 
0.000000 -0.000000 0.003762 0.034483 
0.000000 0.000000 0.003339 0.033333 
0.000000 -0.000000 0.002963 0.032258 
0.000000 -0.000000 0.002631 0.031250 
0.000000 0.000000 0.002337 0.030303 
0.000000 0.000000 0.002076 0.029412 
0.000000 0.000000 0.001844 0.028571 
0.000000 0.000000 0.001637 0.027778 
0.000000 -0.000000 0.001454 0.027027 
0.000000 0.000000 0.001291 0.026316 
0.000000 0.000000 0.001147 0.025641 
0.000000 0.000000 0.001018 0.025000 
0.000000 0.000000 0.000903 0.024390 
0.000000 -0.000000 0.000801 0.023810 
0.000000 0.000000 0.000710 0.023256 
0.000000 0.000000 0.000629 0.022727 
0.000000 -0.000000 0.000557 0.022222 
0.000000 -0.000000 0.000493 0.021739 
0.000000 -0.000000 0.000437 0.021277 
0.000000 0.000000 0.000386 0.020833 
0.000000 0.000000 0.000341 0.020408 
0.000000 -0.000000 0.000301 0.020000 
0.000000 -0.000000 0.000265 0.019608 
0.000000 -0.000000 0.000234 0.019231 
0.000000 0.000000 0.000206 0.018868 
0.000000 0.000000 0.000181 0.018519 
0.000000 -0.000000 0.000159 0.018182 
0.000000 -0.000000 0.000140 0.017857 
0.000000 0.000000 0.000122 0.017544 
0.000000 0.000000 0.000107 0.017241 
0.000000 -0.000000 0.000094 0.016949 
0.000000 -0.000000 0.000082 0.016667 
0.000000 -0.000000 0.000071 0.016393 
0.000000 -0.000000 0.000062 0.016129 
0.000000 0.000000 0.000054 0.015873 
0.000000 -0.000000 0.000047 0.015625 
0.000000 -0.000000 0.000041 0.015385 
0.000000 -0.000000 0.000035 0.015152 
0.000000 -0.000000 0.000030 0.014925 
0.000000 0.000000 0.000026 0.014706 
0.000000 0.000000 0.000022 0.014493 
0.000000 -0.000000 0.000019 0.014286 
0.000000 0.000000 0.000016 0.014085 
0.000000 0.000000 0.000014 0.013889 
0.000000 -0.000000 0.000012 0.013699 
0.000000 -0.000000 0.000010 0.013514 
0.000000 0.000000 0.000009 0.013333 
0.000000 -0.000000 0.000007 0.013158 
0.000000 -0.000000 0.000006 0.012987 
0.000000 -0.000000 0.000005 0.012821 
0.000000 0.000000 0.000004 0.012658 
0.000000 0.000000 0.000004 0.012500 
0.000000 0.000000 0.000003 0.012346 
0.000000 -0.000000 0.000002 0.012195 
0.000000 -0.000000 0.000002 0.012048 
0.000000 0.000000 0.000002 0.011905 
0.000000 -0.000000 0.000001 0.011765 
0.000000 -0.000000 0.000001 0.011628 
0.000000 0.000000 0.000001 0.011494 
0.000000 -0.000000 0.000001 0.011364 
0.000000 0.000000 0.000001 0.011236 
0.000000 -0.000000 0.000000 0.011111 
0.000000 0.000000 0.000000 0.010989 
0.000000 -0.000000 0.000000 0.010870 
0.000000 0.000000 0.000000 0.010753 
0.000000 -0.000000 0.000000 0.010638 
0.000000 0.000000 0.000000 0.010526 
0.000000 -0.000000 0.000000 0.010417 
0.000000 0.000000 0.000000 0.010309 
0.000000 -0.000000 0.000000 0.010204 
0.000000 0.000000 0.000000 0.010101 
