n_samples: 100
theta: 1000000.000000
oriented: 0
seed: -1
outfile: 
noised: 0
parameters: 0.010000 0.500000 2.000000 0.500000 
1565443.069029
847272.955518
560206.883454
405600.413820
310560.090788
247099.837544
202170.001062
168939.945689
143526.069828
123572.822094
107574.420123
94525.633712
83730.693084
74693.171357
67049.634820
60528.092410
54921.085313
50067.740015
45841.487951
42141.469471
38886.393988
36010.075783
33458.135000
31185.523896
29154.647391
27333.918067
25696.632619
24220.089698
22884.890424
21674.409247
20574.195448
19571.902973
18656.696780
17819.153140
17051.029383
16345.092296
15694.977464
15095.070773
14540.407264
14026.586341
13549.699326
13106.267082
12693.187507
12307.689115
11947.291898
11609.772874
11293.137143
10995.590343
10715.517688
10451.463388
10202.113441
9966.280326
9742.889531
9530.967835
9329.632108
9138.081412
8955.587271
8781.487029
8615.177141
8456.107555
8303.776091
8157.724130
8017.532279
7882.816602
7753.225497
7628.436324
7508.152834
7392.103233
7280.036795
7171.710487
7066.949666
6965.520260
6867.253762
6771.982606
6679.551674
6589.817132
6502.645561
6417.912997
6335.504145
6255.311632
6177.235362
6101.181874
6027.063886
5954.799645
5884.312576
5815.530885
5748.387114
5682.817785
5618.763222
5556.167068
5494.976201
5435.140369
5376.612066
5319.346246
5263.300241
5208.433469
5154.707430
5102.085431
5050.532560
Temps d'exécution : 0.0003680000 secondes
Matrice écrite dans le fichier grid.txt avec succès !
