 > 1 epochs model 
 log_likelihood: -15460001.589571 
 distance: 450496.384204 
 thetas: 2303687.316860 
 time in unit of Ne generations: 
 se_thetas: 30526.835675 
 residues: -45843.862485 107197.320962 117047.463834 101529.392203 80327.468719 57355.478751 38964.328411 26996.469056 12576.705452 3328.519047 -4368.876007 -13100.004833 -18444.385981 -23345.676650 -27135.959832 -30502.798766 -33966.213358 -36513.997792 -38290.569422 -40076.062997 -41537.255107 -42240.418331 -43422.517774 -43951.358472 -44865.417427 -45376.175934 -45228.822506 -45832.233741 -46079.166052 -45625.609041 -45703.264035 -45734.120392 -45459.108848 -45175.816031 -45244.247922 -44796.632736 -44623.255773 -44402.320339 -44328.830071 -43613.488907 -43438.615701 -43122.071034 -42781.194233 -42736.748988 -42357.876215 -41824.053066 -41474.057175 -41289.935376 -40830.976244 -40422.685941 -40405.766900 -40057.098963 -39636.722667 -39492.824378 -39024.723050 -38547.858402 -38512.780346 -38396.139500 -38042.678673 -37796.225199 -37459.684025 -37280.031475 -36718.309595 -36574.621045 -36565.124448 -36107.030177 -35915.596503 -35533.126102 -35669.962849 -35176.488901 -35172.122020 -35040.313119 -34703.544018 -34650.325369 -34397.194766 -34191.714987 -34132.472385 -33822.075400 -33844.153184 -33391.354332 -33320.345705 -33117.811344 -33004.451459 -32934.981492 -32674.131253 -32571.644105 -32341.276220 -32317.795876 -32023.982810 -32121.627607 -32046.531139 -31709.504036 -31786.366196 -31437.946320 -31396.081492 -31471.616767 -31272.404806 -31152.305517 -30900.185732 -31017.918899 -30876.384793 -30958.469247 -30878.063904 -30749.065975 -30677.378027 -30350.907767 -30492.567857 -30322.275730 -30384.953423 -30365.527417 -30182.928495 -30264.091601 -30098.955715 -30184.463734 -30021.562362 -29888.202011 -29950.336703 -29746.923990 -29899.924869 -29866.303713 -29955.028205 -30020.069279 -29877.401067 -29821.000853 -29832.849030 -29630.929068 -29605.227481 -29698.733806 -29653.440581 -14742.671668 
 fitted_sfs: 2312581.862485 1160772.679038 776859.536166 584920.607797 469771.531281 393017.521249 338203.671589 297102.530944 265143.294548 239583.480953 218677.876007 201263.004833 186533.385981 173913.676650 162981.959832 153421.798766 144991.213358 137501.997792 130805.569422 124783.062997 119338.255107 114392.418331 109880.517774 105748.358472 101950.417427 98448.175934 95208.822506 92204.233741 89410.166052 86805.609041 84372.264035 82094.120392 79957.108848 77948.816031 76058.247922 74275.632736 72592.255773 71000.320339 69492.830071 68063.488907 66706.615701 65417.071034 64190.194233 63021.748988 61907.876215 60845.053066 59830.057175 58859.935376 57931.976244 57043.685941 56192.766900 55377.098963 54594.722667 53843.824378 53122.723050 52429.858402 51763.780346 51123.139500 50506.678673 49913.225199 49341.684025 48791.031475 48260.309595 47748.621045 47255.124448 46779.030177 46319.596503 45876.126102 45447.962849 45034.488901 44635.122020 44249.313119 43876.544018 43516.325369 43168.194766 42831.714987 42506.472385 42192.075400 41888.153184 41594.354332 41310.345705 41035.811344 40770.451459 40513.981492 40266.131253 40026.644105 39795.276220 39571.795876 39355.982810 39147.627607 38946.531139 38752.504036 38565.366196 38384.946320 38211.081492 38043.616767 37882.404806 37727.305517 37578.185732 37434.918899 37297.384793 37165.469247 37039.063904 36918.065975 36802.378027 36691.907767 36586.567857 36486.275730 36390.953423 36300.527417 36214.928495 36134.091601 36057.955715 35986.463734 35919.562362 35857.202011 35799.336703 35745.923990 35696.924869 35652.303713 35612.028205 35576.069279 35544.401067 35517.000853 35493.849030 35474.929068 35460.227481 35449.733806 35443.440581 17720.671668 
 > 2 epochs model 
 log_likelihood: -14825884.134280 
 distance: 279628.421845 
 thetas: 2439170.219443 10038.157063 
 time in unit of Ne generations: 0.507094 
 se_thetas: 21253.841855 161623.095703 
 residues: -142145.470937 78514.223739 110822.952228 106474.263302 91926.661815 73351.978608 58068.851927 48403.597769 35749.833338 27892.326423 21312.926931 13495.532658 8907.993928 4640.487677 1385.741901 -1525.199065 -4598.126424 -6809.768174 -8295.805748 -9829.385674 -11071.627897 -11584.177285 -12600.176490 -12984.245584 -13772.186591 -14173.217737 -13930.600093 -14451.558509 -14627.425799 -14112.958097 -14138.782717 -14125.949547 -13814.564003 -13501.484757 -13546.073288 -13079.985167 -12892.995195 -12662.850149 -12584.144181 -11867.212910 -11694.043011 -11382.194726 -11048.735175 -11014.180779 -10647.447344 -10127.806668 -9793.848682 -9627.448322 -9187.736467 -8800.074354 -8805.031011 -8479.363291 -8082.998168 -7964.016999 -7521.641506 -7071.221261 -7063.222480 -6974.217993 -6648.878215 -6430.963041 -6123.314519 -5972.850250 -5440.557403 -5326.487301 -5346.750503 -4918.512335 -4756.988823 -4404.442983 -4571.181433 -4107.551303 -4132.937401 -4030.759613 -3723.470528 -3699.553245 -3475.519362 -3298.907124 -3268.279717 -2986.223689 -3036.347499 -2611.280169 -2567.670042 -2392.183628 -2305.504535 -2262.332482 -2027.382373 -1950.383447 -1745.078480 -1746.223046 -1476.584829 -1597.942980 -1546.087520 -1231.818780 -1330.946881 -1004.291249 -983.680158 -1079.950305 -900.946417 -800.520874 -567.533366 -703.850565 -580.345823 -679.898884 -616.395622 -503.727788 -447.792777 -136.493411 -292.737736 -136.438825 -212.514606 -205.887695 -35.485237 -128.238762 25.915946 -69.961023 83.186411 207.410426 136.759394 332.277977 172.007205 198.984557 104.244029 33.816193 171.728261 224.004124 208.664405 407.726491 431.204564 336.109629 380.449534 274.114490 
 fitted_sfs: 2408883.470937 1189455.776261 783084.047772 579975.736698 458172.338185 377021.021392 319099.148073 275695.402231 241970.166662 215019.673577 192996.073069 174667.467342 159181.006072 145927.512323 134460.258099 124444.199065 115623.126424 107797.768174 100810.805748 94536.385674 88872.627897 83736.177285 79058.176490 74781.245584 70857.186591 67245.217737 63910.600093 60823.558509 57958.425799 55292.958097 52807.782717 50485.949547 48312.564003 46274.484757 44360.073288 42558.985167 40861.995195 39260.850149 37748.144181 36317.212910 34962.043011 33677.194726 32457.735175 31299.180779 30197.447344 29148.806668 28149.848682 27197.448322 26288.736467 25421.074354 24592.031011 23799.363291 23040.998168 22315.016999 21619.641506 20953.221261 20314.222480 19701.217993 19112.878215 18547.963041 18005.314519 17483.850250 16982.557403 16500.487301 16036.750503 15590.512335 15160.988823 14747.442983 14349.181433 13965.551303 13595.937401 13239.759613 12896.470528 12565.553245 12246.519362 11938.907124 11642.279717 11356.223689 11080.347499 10814.280169 10557.670042 10310.183628 10071.504535 9841.332482 9619.382373 9405.383447 9199.078480 9000.223046 8808.584829 8623.942980 8446.087520 8274.818780 8109.946881 7951.291249 7798.680158 7651.950305 7510.946417 7375.520874 7245.533366 7120.850565 7001.345823 6886.898884 6777.395622 6672.727788 6572.792777 6477.493411 6386.737736 6300.438825 6218.514606 6140.887695 6067.485237 5998.238762 5933.084054 5871.961023 5814.813589 5761.589574 5712.240606 5666.722023 5624.992795 5587.015443 5552.755971 5522.183807 5495.271739 5471.995876 5452.335595 5436.273509 5423.795436 5414.890371 5409.550466 2703.885510 
 > 3 epochs model 
 log_likelihood: -14763121.067124 
 distance: 10930.321086 
 thetas: 1754230.165822 3513382.809030 390643.618832 
 time in unit of Ne generations: 0.013370 0.317956 
 se_thetas: 2305.872728 3204.523572 4367.929415 
 residues: 1977.572442 -6142.620825 -2230.513557 1735.673991 3357.627599 1256.647407 648.977911 3443.117005 1159.613290 1865.185666 2340.059301 336.249380 547.673535 249.699243 284.781812 104.425869 -700.272691 -1027.920889 -950.948138 -1191.023574 -1367.133240 -1006.230144 -1312.721150 -1127.283478 -1465.655851 -1520.152398 -1019.718317 -1359.395751 -1420.103209 -847.656806 -864.979593 -886.458344 -646.416862 -436.681986 -612.223892 -300.856295 -288.985279 -251.397807 -380.082808 116.920849 59.654088 132.348774 219.523301 2.065095 112.302080 372.064769 443.740385 346.320187 521.440953 644.421454 375.294598 437.835839 572.588329 431.885257 616.869713 812.512405 568.627477 408.886674 488.832039 464.887322 534.368241 450.491734 752.384307 640.089589 397.575163 607.738765 555.413911 698.375012 326.342032 588.984729 366.926530 276.748067 395.990412 236.158035 280.721521 282.120059 141.763722 257.035574 44.293595 310.872461 200.085186 225.224623 165.564867 66.362535 162.857960 105.276285 179.828482 51.712297 198.113117 -42.795219 -106.849672 95.102695 -112.794641 108.592941 27.391756 -167.279663 -83.310089 -74.595149 69.963086 -151.543508 -110.028749 -288.411813 -300.616927 -260.573072 -274.213721 -29.476582 -249.303366 -153.639575 -287.434292 -335.640003 -217.212415 -359.110303 -251.295355 -390.732037 -278.387466 -192.231293 -298.235594 -135.374771 -325.625467 -325.966477 -445.378680 -537.844969 -419.350191 -383.881099 -413.426300 -225.976222 -211.523077 -313.060834 -272.585201 -53.046804 
 fitted_sfs: 2264760.427558 1274112.620825 896137.513557 684714.326009 546741.372401 449116.352593 376519.022089 320655.882995 276560.386710 241046.814334 211968.940699 187826.750620 167541.326465 150318.300757 135561.218188 122814.574131 111725.272691 102015.920889 93465.948138 85898.023574 79168.133240 73158.230144 67770.721150 62924.283478 58550.655851 54592.152398 50999.718317 47731.395751 44751.103209 42027.656806 39533.979593 37246.458344 35144.416862 33209.681986 31426.223892 29779.856295 28257.985279 26849.397807 25544.082808 24333.079151 23208.345912 22162.651226 21189.476699 20282.934905 19437.697920 18648.935231 17912.259615 17223.679813 16579.559047 15976.578546 15411.705402 14882.164161 14385.411671 13919.114743 13481.130287 13069.487595 12682.372523 12318.113326 11975.167961 11652.112678 11347.631759 11060.508266 10789.615693 10533.910411 10292.424837 10064.261235 9848.586089 9644.624988 9451.657968 9269.015271 9096.073470 8932.251933 8777.009588 8629.841965 8490.278479 8357.879941 8232.236278 8112.964426 7999.706405 7892.127539 7789.914814 7692.775377 7600.435133 7512.637465 7429.142040 7349.723715 7274.171518 7202.287703 7133.886883 7068.795219 7006.849672 6947.897305 6891.794641 6838.407059 6787.608244 6739.279663 6693.310089 6649.595149 6608.036914 6568.543508 6531.028749 6495.411813 6461.616927 6429.573072 6399.213721 6370.476582 6343.303366 6317.639575 6293.434292 6270.640003 6249.212415 6229.110303 6210.295355 6192.732037 6176.387466 6161.231293 6147.235594 6134.374771 6122.625467 6111.966477 6102.378680 6093.844969 6086.350191 6079.881099 6074.426300 6069.976222 6066.523077 6064.060834 6062.585201 3031.046804 
 > 4 epochs model 
 log_likelihood: -14762792.017619 
 distance: 4786.628677 
 thetas: 1818198.024988 3838831.222281 988800.135166 289248.784202 
 time in unit of Ne generations: 0.017238 0.236854 0.426711 
 se_thetas: 1032.676285 2680.733876 6997.773785 4506.596728 
 residues: -256.010244 384.056444 577.507147 1140.109855 793.131449 -2120.129083 -2789.826861 371.211752 -1335.782299 17.241389 1128.416283 -294.925161 420.167156 542.525452 916.417215 999.626497 391.589942 202.660685 369.164993 177.549143 16.104280 364.259463 23.117627 156.703547 -246.744372 -376.200214 42.178838 -384.334956 -534.749189 -53.311094 -161.663729 -273.157246 -121.283437 2.791103 -255.387548 -23.237406 -86.869641 -120.860420 -317.057938 116.581462 0.133032 17.823218 54.132393 -210.116597 -142.681867 78.163925 114.691355 -14.235355 132.885757 231.233070 -59.304620 -15.098135 104.248547 -49.078283 125.918708 314.066354 65.037428 -97.634702 -18.542977 -41.394925 30.997838 -48.270958 259.806240 155.158431 -78.357051 142.051661 101.116585 256.514964 -102.126136 174.774342 -32.244764 -106.683401 28.922833 -113.994462 -52.033896 -32.821916 -155.010646 -21.275911 -215.315430 70.152837 -21.607794 22.648651 -17.847917 -97.882486 17.746132 -20.773712 72.734398 -36.564218 128.485431 -93.971288 -139.797979 80.133386 -110.056983 128.743824 64.641881 -113.263130 -12.877519 11.886783 172.112570 -34.122319 22.255291 -141.685812 -139.880980 -86.269466 -86.794213 170.598347 -37.041518 70.333322 -52.232973 -89.699074 38.973654 -93.178723 23.877405 -106.826702 13.737966 107.598253 8.778921 178.302726 -5.809518 -0.538873 -114.868226 -202.782238 -80.267298 -41.311487 -67.904539 121.962181 138.295707 38.101488 79.383407 123.071894 
 fitted_sfs: 2266994.010244 1267585.943556 893329.492853 685309.890145 549305.868551 452493.129083 379957.826861 323727.788248 279055.782299 242894.758611 213180.583717 188457.925161 167668.832844 150025.474548 134929.582785 121919.373503 110633.410058 100785.339315 92145.835007 84529.450857 77784.895720 71787.740537 66434.882373 61640.296453 57331.744372 53448.200214 49937.821162 46756.334956 43865.749189 41233.311094 38830.663729 36633.157246 34619.283437 32770.208897 31069.387548 29502.237406 28055.869641 26718.860420 25481.057938 24333.418538 23267.866968 22277.176782 21354.867607 20495.116597 19692.681867 18942.836075 18241.308645 17584.235355 16968.114243 16389.766930 15846.304620 15335.098135 14853.751453 14400.078283 13972.081292 13567.933646 13185.962572 12824.634702 12482.542977 12158.394925 11851.002162 11559.270958 11282.193760 11018.841569 10768.357051 10529.948339 10302.883415 10086.485036 9880.126136 9683.225658 9495.244764 9315.683401 9144.077167 8979.994462 8823.033896 8672.821916 8529.010646 8391.275911 8259.315430 8132.847163 8011.607794 7895.351349 7783.847917 7676.882486 7574.253868 7475.773712 7381.265602 7290.564218 7203.514569 7119.971288 7039.797979 6962.866614 6889.056983 6818.256176 6750.358119 6685.263130 6622.877519 6563.113217 6505.887430 6451.122319 6398.744709 6348.685812 6300.880980 6255.269466 6211.794213 6170.401653 6131.041518 6093.666678 6058.232973 6024.699074 5993.026346 5963.178723 5935.122595 5908.826702 5884.262034 5861.401747 5840.221079 5820.697274 5802.809518 5786.538873 5771.868226 5758.782238 5747.267298 5737.311487 5728.904539 5722.037819 5716.704293 5712.898512 5710.616593 2854.928106 
 > 5 epochs model 
 log_likelihood: -14762783.359478 
 distance: 4514.503835 
 thetas: 1792476.079039 3219922.014716 5201472.536705 1620226.659866 341532.130712 
 time in unit of Ne generations: 0.013455 0.073063 0.182418 0.367378 
 se_thetas: 1650.126024 8582.477674 29889.414657 12717.871562 3456.477906 
 residues: 326.471442 -1556.277352 212.073016 1829.010168 1852.204648 -1119.681246 -2052.528443 785.231803 -1225.151158 -118.331012 815.425206 -719.069508 -58.189435 55.127279 453.363299 583.731175 36.816099 -84.063926 152.078208 27.825821 -71.167906 332.867740 40.135891 214.330685 -156.227480 -260.143906 176.980999 -236.911596 -380.105197 103.890522 -5.846096 -121.980177 22.632135 137.402963 -131.603355 88.652374 12.456609 -34.425907 -243.555411 177.351058 48.563925 54.465257 79.655975 -194.951317 -137.051747 75.121977 103.860755 -31.967395 109.129545 202.308744 -92.571269 -51.918719 64.619576 -90.816921 82.719577 270.004709 20.659311 -141.835159 -62.122894 -83.961502 -10.211082 -87.824467 222.161508 119.633825 -111.589711 111.245822 72.838117 230.832721 -125.172390 154.377321 -50.003332 -121.835891 16.324777 -124.106761 -59.744021 -38.226343 -158.216839 -22.400537 -214.482685 72.812786 -17.255333 28.555747 -10.526020 -89.286448 27.475857 -10.049615 84.315539 -24.260613 141.380346 -80.612187 -126.097257 94.058186 -96.020226 142.786175 78.589509 -99.504270 0.604988 25.011947 184.806098 -21.927970 33.889697 -130.665347 -129.521722 -76.612019 -77.872607 178.756541 -29.667983 76.907125 -46.467976 -84.746142 43.116877 -89.837450 26.429663 -105.045578 14.770536 107.909296 8.399654 177.268290 -7.460329 -2.763890 -117.622184 -206.017060 -83.932384 -45.354004 -72.269715 117.330763 133.455812 33.111930 74.303751 120.517025 
 fitted_sfs: 2266411.528558 1269526.277352 893694.926984 684620.989832 548246.795352 451492.681246 379220.528443 323313.768197 278945.151158 243030.331012 213493.574794 188882.069508 168147.189435 150512.872721 135392.636701 122335.268825 110988.183901 101072.063926 92362.921792 84679.174179 77872.167906 71819.132260 66417.864109 61582.669315 57241.227480 53332.143906 49803.019001 46608.911596 43711.105197 41076.109478 38674.846096 36481.980177 34475.367865 32635.597037 30945.603355 29390.347626 27956.543391 26632.425907 25407.555411 24272.648942 23219.436075 22240.534743 21329.344025 20479.951317 19687.051747 18945.878023 18252.139245 17601.967395 16991.870455 16418.691256 15879.571269 15371.918719 14893.380424 14441.816921 14015.280423 13611.995291 13230.340689 12868.835159 12526.122894 12200.961502 11892.211082 11598.824467 11319.838492 11054.366175 10801.589711 10560.754178 10331.161883 10112.167279 9903.172390 9703.622679 9513.003332 9330.835891 9156.675223 8990.106761 8830.744021 8678.226343 8532.216839 8392.400537 8258.482685 8130.187214 8007.255333 7889.444253 7776.526020 7668.286448 7564.524143 7465.049615 7369.684461 7278.260613 7190.619654 7106.612187 7026.097257 6948.941814 6875.020226 6804.213825 6736.410491 6671.504270 6609.395012 6549.988053 6493.193902 6438.927970 6387.110303 6337.665347 6290.521722 6245.612019 6202.872607 6162.243459 6123.667983 6087.092875 6052.467976 6019.746142 5988.883123 5959.837450 5932.570337 5907.045578 5883.229464 5861.090704 5840.600346 5821.731710 5804.460329 5788.763890 5774.622184 5762.017060 5750.932384 5741.354004 5733.269715 5726.669237 5721.544188 5717.888070 5715.696249 2857.482975 
 > 6 epochs model 
 log_likelihood: -14762780.463588 
 distance: 3637.336963 
 thetas: 1986753.141903 1358193.903509 2858223.176606 5459959.586312 1734842.480261 345172.698462 
 time in unit of Ne generations: 0.002375 0.006389 0.055601 0.155246 0.326917 
 se_thetas: 11007.431656 16096.151994 9884.599467 26658.756976 10288.930784 2706.620939 
 residues: -23.657434 366.180312 -1215.577287 654.523714 1578.820642 -800.976262 -1517.800524 1297.844259 -842.420318 109.303077 904.757622 -735.079627 -144.514565 -70.972641 311.277951 442.633623 -92.228666 -194.681464 62.770527 -39.742514 -118.184157 304.239509 27.224387 214.288387 -146.201240 -242.661169 199.579070 -211.228597 -353.046257 130.929119 20.067709 -98.031613 44.007878 155.799239 -116.423321 100.520091 21.029974 -29.038747 -241.177108 176.948886 45.645201 49.316411 72.575141 -203.663119 -147.097666 64.029078 91.994074 -44.351709 96.464522 189.579331 -105.170103 -64.213563 52.780781 -102.068418 72.166612 260.242481 11.762125 -149.809690 -69.132578 -89.978275 -15.219718 -91.821309 219.169786 117.631399 -112.626677 111.143536 73.633789 232.484625 -122.710112 157.600776 -46.070496 -117.247406 21.513855 -118.372930 -53.521566 -31.571247 -151.184556 -15.045646 -206.858597 80.654084 -9.247166 36.682271 -2.327662 -81.060668 35.686862 -1.893288 92.379636 -16.323908 149.156911 -73.026088 -118.729534 101.182024 -89.163407 149.355181 84.852204 -93.564133 6.208513 30.266944 189.702722 -17.397552 38.048014 -126.883153 -126.117873 -73.587009 -75.225274 181.028943 -27.766254 78.443876 -45.289138 -83.916858 43.606195 -89.677355 26.272369 -105.507406 14.017984 106.880723 7.110591 175.735031 -9.220786 -4.733905 -119.783532 -208.350992 -86.419684 -47.975045 -75.004517 114.502478 130.554567 30.158436 71.318854 119.019338 
 fitted_sfs: 2266761.657434 1267603.819688 895122.577287 685795.476286 548520.179358 451173.976262 378685.800524 322801.155741 278562.420318 242802.696923 213404.242378 188898.079627 168233.514565 150638.972641 135534.722049 122476.366377 111117.228666 101182.681464 92452.229473 84746.742514 77919.184157 71847.760491 66430.775613 61582.711613 57231.201240 53314.661169 49780.420930 46583.228597 43684.046257 41049.070881 38648.932291 36458.031613 34453.992122 32617.200761 30930.423321 29378.479909 27947.970026 26627.038747 25405.177108 24273.051114 23222.354799 22245.683589 21336.424859 20488.663119 19697.097666 18956.970922 18264.005926 17614.351709 17004.535478 16431.420669 15892.170103 15384.213563 14905.219219 14453.068418 14025.833388 13621.757519 13239.237875 12876.809690 12533.132578 12206.978275 11897.219718 11602.821309 11322.830214 11056.368601 10802.626677 10560.856464 10330.366211 10110.515375 9900.710112 9700.399224 9509.070496 9326.247406 9151.486145 8984.372930 8824.521566 8671.571247 8525.184556 8385.045646 8250.858597 8122.345916 7999.247166 7881.317729 7768.327662 7660.060668 7556.313138 7456.893288 7361.620364 7270.323908 7182.843089 7099.026088 7018.729534 6941.817976 6868.163407 6797.644819 6730.147796 6665.564133 6603.791487 6544.733056 6488.297278 6434.397552 6382.951986 6333.883153 6287.117873 6242.587009 6200.225274 6159.971057 6121.766254 6085.556124 6051.289138 6018.916858 5988.393805 5959.677355 5932.727631 5907.507406 5883.982016 5862.119277 5841.889409 5823.264969 5806.220786 5790.733905 5776.783532 5764.350992 5753.419684 5743.975045 5736.004517 5729.497522 5724.445433 5720.841564 5718.681146 2858.980662 
